NAn
-168.75,90
-10,90
-10,78.13
-37.5,57.5
-30,15
-50,25
-95,45
-171,45
-171,45
-180,51
-180,60
-180,90
---
NAs
-30,15
-50,15
-75,15
-82.5,1.25
-105,1.25
-146,25
-171,45
-95,45
-50,25
---
EUne
30,42.5
48.8,42.5
77.5,90
40,90
32,60
27,59
---
EUce
20,35
18.67,41.11
15,45
15,55
27,59
30,42.5
28.81,40.79
29,41
27.31,40.55
26.75,40.4
26.36,40.05
25.19,39.17
27.91,35.46
27.5,33
---
EUw
20,35
10,38
-10,35.42
-13,28.25
-30,15
-34.4,40
0,50
---
EUs
10,38
20,35
18.67,41.11
15,45
15,55
10,54
0,50
---
EUnw
-34.4,40
0,50
10,54
15,55
32,60
40,90
-10,90
-10,78.13
-37.5,57.5
---
AF
52,12.5
60,10
75,-60
-30,-60
-30,15
-13,28.25
-10,35.42
10,38
27.5,33
34.58,31.74
34.92,29.54
34.46,27.78
44.3,11.3
---
AU
110,-11.88
140,-10.27
180,-10
180,-52.5
180,-71.88
110,-71.88
---
ASne
64,35
64,42.5
48.8,42.5
77.5,90
180,90
180,53.50
180,20.45
110.18,20.45
105.93,23.08
100.87,22.23
95.41,29.21
89.07,28
79.11,31.13
79,31.25
---
ASse
110,-71.88
91.5,-71.88
91.5,21
98.10,28.23
100.87,22.23
105.93,23.08
110.18,20.45
180,20.45
180,-10
140,-10.27
110,-11.88
---
ME
52,12.5
44.3,11.3
34.46,27.78
34.92,29.54
34.58,31.74
27.5,33
27.91,35.46
25.19,39.17
26.36,40.05
26.75,40.4
27.31,40.55
29,41
28.81,40.79
30,42.5
48.8,42.5
64,42.5
64,35
79,31.25
79.11,31.13
89.07,28
95.41,29.21
98.10,28.23
91.5,21
91.5,-60
75,-60
---
AT
-180,-60
180,-60
180,-90
-180,-90
---
SA
-105,1.25
-82.5,1.25
-75,15
-30,15
-30,-60
-105,-60
---
PA
-180,51
-171,45
-146,25
-105,1.25
-105,-60
-180,-60
---